cost4[355.9557446170069,381.561069401228,1003.0000154395157,402.3556608808183,
161.03452063065615,284.58802534438,418.7148237368523,724.8510623623731,974.8340885480274,
765.1350290560753,759.6755034304091,446.5041170470754,218.80243797828737,156.7408698209828,
401.2873620354249,433.47551941668127,1123.8383433061174,1477.3401115669049,767.175682105638,
887.7325503398644,805.7421188498471,1417.2765382091454,622.808309071249]

cost3=[2250.299205312047, 2312.258896497063,1912.2763698200522,1006.745362727728,
 2214.2315937108947,1319.6256179779623,-257.1980509282767,2075.498122460309,
 2127.2642496685803,1213.910315363987,1331.8240139933885]

cost2=[2727.884288516861, 146.37710982385786]

cost5=[475.6282421084642,1721.4524450001873,498.9156382740928,1182.1797473858144,
 1697.7798108680756,2113.1196233249507,2007.2593495788942]

cost1=[1759.546501710793,1418.4488748756376,2100.5816745398315,580.027326060818,
 230.03518096044735,1701.977674568222,1004.6668118992678,1017.8533949600451,
 939.2017553615267,1460.002264125957,1593.9369931556066]