9.5%，3kw，5个人： [(6, 1.05), (7, 1.05), (33, 1.05), (38, 1.05), (22, 1.2)]
29%，4kw，15个人：
[(2, 1.48),
(17, 1.48),
 (34, 1.48),
 (18, 1.5),
 (23, 1.5),
 (26, 1.5),
 (43, 1.5),
 (53, 1.5),
 (45, 1.53),
 (46, 1.53),
 (48, 1.53),
 (3, 1.57),
 (39, 1.58),
 (0, 1.62),
 (32, 1.75)]
38.5%，5，20个人：
[(37, 1.75),
 (15, 1.8),
 (24, 1.9),
 (40, 1.9),
 (42, 1.94),
 (10, 2.0),
 (14, 2.0),
 (47, 2.0),
 (52, 2.0),
(9, 2.04),
 (16, 2.04),
 (31, 2.04),
 (35, 2.04),
 (4, 2.1),
 (5, 2.1),
 (8, 2.1),
 (21, 2.1),
 (28, 2.1),
 (44, 2.1),
 (1, 2.22)]
8%，6，4个人：[(41, 2.7), (20, 2.8), (49, 2.8), (25, 3.0)]
15%，7-10，8个人：
[(51, 3.6),
 (13, 3.78),//7
 (36, 4.0),
 (11, 4.04),//8
 (27, 4.2),
 (50, 4.55),//9
 (19, 6.2)
(12, 8.0),//10
]
平均4.47