cost1=[2099.073865077721,1854.2825180366121, 2598.376558675742,817.5849804682003,
 437.31661910330007,2187.075690895233,1331.2767134399126,1493.7139456717196,
 1297.2189881290346,1888.24000181754,1932.9973601845106]

cost2=[3081.750306676408, 335.20346017016794]

cost3=[2780.8846529089665,2835.1000780890618,2531.583591840194,1384.4332557534924,2733.1781907046975,
 1819.8961433110064,-50.297083632999495,2536.9716781052784,2636.882059101818,1742.8815850554329,
 1849.217086369356]

cost4=[555.0568394361196,469.2793723627428,1309.2552239486265,640.213762553134,286.8934544120751,439.6675780526413,
643.541377063587,961.5878776775434,1406.7071480735651,987.38708291684,1020.4156478559697,674.2025031608166,
422.75979643873325,299.740105101009,545.022991364603,629.4058233971548,1368.9481413769356,1879.9233669236928,
1046.1875892813061,1179.7939180100923,1046.0802729457837,1690.4654848736134,925.5703649611903]

cost5=[647.272536869281,2080.399173390822,731.4995891755956,1579.6989019325779,
 2039.532756351072,2591.0814003039,2310.9278655065764]